.Random.seed <-
c(403L, 240L, -1851882752L, 645202186L, 1570443501L, -688961058L, 
-731107083L, -1900526964L, 2131318458L, 1189705162L, 1629524888L, 
175244055L, -1030582863L, -546913177L, 1585584736L, -380750606L, 
1312161548L, 1365030854L, 2082920248L, -409367421L, -296213092L, 
-946593588L, -206201991L, -150283223L, 1484760451L, 494145900L, 
-1691170785L, -1323166804L, -377420773L, -1475806431L, 395865306L, 
1735999937L, 242327706L, 1883311733L, -19809537L, 473949304L, 
-1580103841L, 1315965745L, -1844869911L, -841382123L, -603376446L, 
1781694526L, 1864468150L, 1336158536L, -973994145L, -2050203557L, 
-1687992362L, 5642244L, 1247161839L, -129711138L, -393770123L, 
1615380172L, 2069721439L, -1452037279L, 1120070019L, 1249872046L, 
-258180021L, 972778348L, -772197404L, -1305407545L, 1445193281L, 
-682146715L, 1712261016L, 328082481L, 158142352L, -618242211L, 
457165692L, -2039228523L, -755568621L, -681786791L, -502885757L, 
1803278934L, -2047069680L, 1990725358L, 1910284230L, 1348946488L, 
275123353L, 326118953L, -1253628402L, 233095261L, 1852449360L, 
1215321907L, -1275325822L, -2099545340L, 1340391812L, 538265736L, 
1965074119L, -361704595L, 272943614L, 1397448467L, 149406766L, 
-98878276L, 1476919756L, 131731429L, 756903214L, -771898565L, 
-1062028503L, 125407146L, 873137627L, 50844582L, -1068081917L, 
-447981918L, -150529318L, -80596805L, 1962636408L, -402229786L, 
1068904256L, 643621099L, 367763523L, 203420072L, -751001751L, 
-1663167549L, -2144614571L, -572325879L, 5827522L, -279559214L, 
197731824L, -1599758553L, 365510895L, -188700323L, 213052096L, 
2067916207L, 155131721L, 1885650865L, -1721488647L, -67805908L, 
1762253033L, 428421814L, 438437803L, -1716789241L, -519783393L, 
604028809L, -692263966L, -1707594083L, 435369500L, -408111102L, 
243107394L, -177549901L, -492572024L, 311700724L, -1925615734L, 
-1960989918L, -1249456282L, -340223073L, 787503894L, 1879929883L, 
-1216175451L, -1437990253L, 465294262L, -131989490L, -1362871522L, 
-1687055710L, 104239858L, -1955654507L, 320262958L, 985034753L, 
506939790L, -1997473585L, -1325564420L, -654484466L, 369364570L, 
92672179L, 1212730848L, -1924497161L, -527072732L, 444040007L, 
-696805977L, -279319114L, -1996011536L, -1584353563L, -389600L, 
188716482L, 1904914685L, 199785222L, -1674633102L, 279646497L, 
1849217598L, -735124421L, 2097259156L, 1503146607L, -2094523197L, 
-1548790456L, -1271682671L, -1501048422L, 1172995119L, 2116676184L, 
223863240L, 1203942985L, 979517538L, 1584618069L, 1355162211L, 
804136938L, 526843982L, 1258002300L, 692721291L, 1312231569L, 
-1453531425L, -1693149965L, -1842867716L, 670032442L, 674122243L, 
1809833208L, -1298273531L, -1242790291L, 686537794L, -1149022059L, 
1751682744L, -2029029486L, 1960120641L, -1406954044L, -1746877544L, 
-879790836L, 110661308L, -784323514L, 1312940435L, 1501040120L, 
321834791L, 1916495994L, -1335297458L, -1998014164L, 1402203771L, 
2025524371L, 673100200L, -1008055572L, -943828574L, 1784530500L, 
1287323940L, -1115590362L, -693213246L, 650002946L, 1786001810L, 
-1699477255L, -1693710276L, 497526453L, -76115951L, -937800451L, 
2142871909L, -260560979L, -113486015L, 235442125L, 1825238792L, 
376110542L, 499546670L, 1459598429L, 1856311445L, -259181526L, 
-2140177457L, 312972846L, 785959498L, -340922581L, 859890121L, 
-340952006L, -709857657L, -980797537L, 1743900147L, -1622483066L, 
-1935804804L, 970404886L, 1835050283L, 948175818L, -2063188492L, 
535310909L, 1271543580L, 243653292L, 341618754L, -894924147L, 
-438453280L, 2022332633L, 205120390L, 215270170L, 1210497294L, 
-1942002052L, -404127046L, 438446786L, -1579172585L, 181787407L, 
-925114980L, 1418402949L, -56384428L, 1395447566L, 800612273L, 
-987089520L, -411532169L, 1237885772L, -1825873412L, -931445307L, 
1738424322L, 809385822L, 1756923567L, 1896097533L, 1341041938L, 
670425911L, 2059574747L, 34850590L, 1038918881L, 1733883898L, 
-407652178L, -210501847L, -1063230759L, 1651374316L, -775605059L, 
-47200422L, -1355601926L, 709489583L, -1837311338L, 1623699737L, 
464017820L, 220559605L, -466171919L, 562319114L, -1902287994L, 
1204843573L, -63484179L, -1249574333L, 1896525079L, -411030115L, 
-1769959302L, -1511743951L, -1060120816L, -1413987929L, -776376021L, 
-16437490L, 61637149L, 1360760860L, -366054459L, 1871457582L, 
-904881282L, -193159375L, 1748467680L, 1785770295L, -1268530210L, 
99543421L, -1499074986L, -1469821175L, 1061651087L, -923900529L, 
-2100266890L, -422807868L, -1201367332L, 207580257L, 364868303L, 
1240701939L, 164432374L, 2143279153L, 301255895L, 285090496L, 
-954206451L, -988808181L, -2119784792L, 432686147L, 838229359L, 
-907319982L, 657793156L, 1927101556L, 742807941L, 655704894L, 
-241427454L, 2063770212L, 2010545361L, 1422132762L, 823419477L, 
-176364247L, 1800845405L, -741548286L, -1882112803L, -1319636472L, 
-1922155705L, 1911128201L, 551862864L, -1045071065L, 1911962152L, 
1697264200L, 529790493L, -1105067622L, -273022829L, -1382933864L, 
-1765662410L, 576627658L, 121891695L, -1784462248L, -641460743L, 
1518537029L, -1088354137L, 780558477L, -1699103610L, -812115674L, 
-16578682L, -1228114822L, -1145088629L, -1724329568L, 240533538L, 
-1928628856L, -1594986571L, -2057397548L, -1650658813L, 374430303L, 
2096433194L, 416173456L, -1075628430L, 627286139L, -32391288L, 
1468649554L, -1115800985L, -253299101L, 1496151867L, -1544590932L, 
-399983848L, -1713806149L, 838244949L, -1696373821L, 1117237625L, 
-959139946L, 1252197927L, 1367899579L, 308136041L, -1360606172L, 
92452426L, 562769493L, 1379512619L, 345705000L, -103763984L, 
-928838288L, 1166537561L, -2126112097L, 2098117120L, 189911372L, 
215339102L, 818989590L, -884808537L, -35610439L, 1304079621L, 
1118778980L, 538843464L, -1931306790L, 1412843240L, -712323404L, 
-1722331780L, 913316665L, 631041116L, 38228979L, 833900601L, 
-734931613L, -1548446981L, -37592194L, -1377767786L, -722705717L, 
-2080444554L, -1222626848L, -2079285043L, -823718883L, 112072186L, 
-1021249952L, 136306980L, 448543639L, 1221532056L, 1009382269L, 
-161233043L, 362067745L, 767865006L, -1204876544L, -1565558589L, 
784228183L, -221878224L, -872994717L, -285593005L, -1373102721L, 
1862214738L, -646312158L, 1333201045L, 701204326L, -1727078549L, 
638183898L, -470554678L, 1267450917L, 1571970613L, 217939559L, 
1542845716L, 1565278322L, 465656311L, -1940564280L, -1112725863L, 
1001134645L, -833004279L, -1032003550L, -2134767675L, -1157950256L, 
284508381L, 115843476L, -1778304736L, 76817153L, -2035799674L, 
-1071410977L, 1624803917L, -1754670394L, -1823123366L, -362968496L, 
48474884L, 1764883097L, 1607296171L, -2042599681L, 1046327609L, 
-1335211863L, 604054556L, -649012000L, 128918498L, -1010693587L, 
-1427998145L, 482874234L, 750201810L, 301161904L, 2117758140L, 
837992708L, -270684002L, -980487902L, -1922705216L, 1837828117L, 
-1795660108L, 898731893L, 817227104L, -1364821452L, -1654902278L, 
-1854846064L, -240192947L, -1575584691L, -737253570L, 1624496537L, 
-639901895L, -1148620523L, 493528846L, -891054150L, -352581768L, 
-285143139L, 891782395L, 458262339L, -417618167L, -349586805L, 
1719838450L, -1583849054L, 1425610137L, 523435185L, 2094733211L, 
-432376142L, -318708231L, 1282164698L, -1747997974L, 292330997L, 
-1037629697L, -633894222L, -1170465535L, -2055180277L, 1698251228L, 
-1053430631L, -1191701644L, -1594142739L, -1417119721L, -1575267033L, 
-1886895931L, 1647040128L, -1284936626L, 2077361935L, 788904131L, 
-122877477L, 1177122296L, -1691750562L, -999966682L, 2035781274L, 
-1334151192L, 5679393L, -2105655038L, 757818183L, -1737471696L, 
-1522009984L, -2045452020L, -364977793L, 817664757L, -656503356L, 
129039497L, 1918675453L, -1630077573L, -728002413L, 48430341L, 
-1555544636L, 1813253204L, -515652671L, 1304390038L, -550678762L, 
-123696538L, -101546598L, -1388969470L, -158701501L, -1148155785L, 
-876226439L, 1188295604L, 521774181L, 524250822L, -15381481L, 
